model5
008900060
960020050
002008109
001000006
080000020
700000500
206700400
030090078
090004200

model5
108900060
960020050
002008109
001000006
080000020
700000500
206700400
030090078
090004200

model5
148900060
960020050
002008109
001000006
080000020
700000500
206700400
030090078
090004200

model5
148900060
960020050
002008109
001000006
080000020
700000500
206700400
030090078
090004200

model5
148900060
960020050
002008109
001000006
080000020
700000500
206700400
030090078
090004200

model5
148930060
960020050
002008109
001000006
080000020
700000500
206700400
030090078
090004200

model5
148935060
960020050
002008109
001000006
080000020
700000500
206700400
030090078
090004200

model5
148935760
960020050
002008109
001000006
080000020
700000500
206700400
030090078
090004200

model5
148935760
960020050
002008109
001000006
080000020
700000500
206700400
030090078
090004200

model5
148935762
960020050
002008109
001000006
080000020
700000500
206700400
030090078
090004200

model5
148935762
960020050
002008109
001000006
080000020
700000500
206700400
030090078
090004200

model5
148935762
960020050
002008109
001000006
080000020
700000500
206700400
030090078
090004200

model5
148935762
963020050
002008109
001000006
080000020
700000500
206700400
030090078
090004200

model5
148935762
963120050
002008109
001000006
080000020
700000500
206700400
030090078
090004200

model5
148935762
963120050
002008109
001000006
080000020
700000500
206700400
030090078
090004200

model5
148935762
963127050
002008109
001000006
080000020
700000500
206700400
030090078
090004200

model5
148935762
963127850
002008109
001000006
080000020
700000500
206700400
030090078
090004200

model5
148935762
963127850
002008109
001000006
080000020
700000500
206700400
030090078
090004200

model5
148935762
963127854
002008109
001000006
080000020
700000500
206700400
030090078
090004200

model5
148935762
963127854
502008109
001000006
080000020
700000500
206700400
030090078
090004200

model5
148935762
963127854
572008109
001000006
080000020
700000500
206700400
030090078
090004200

model5
148935762
963127854
572008109
001000006
080000020
700000500
206700400
030090078
090004200

model5
148935762
963127854
572408109
001000006
080000020
700000500
206700400
030090078
090004200

model5
148935762
963127854
572468109
001000006
080000020
700000500
206700400
030090078
090004200

model5
148935762
963127854
572468109
001000006
080000020
700000500
206700400
030090078
090004200

model5
148935762
963127854
572468109
001000006
080000020
700000500
206700400
030090078
090004200

model5
148935762
963127854
572468139
001000006
080000020
700000500
206700400
030090078
090004200

model5
148935762
963127854
572468139
001000006
080000020
700000500
206700400
030090078
090004200

model5
148935762
963127854
572468139
301000006
080000020
700000500
206700400
030090078
090004200

model5
148935762
963127854
572468139
321000006
080000020
700000500
206700400
030090078
090004200

model5
148935762
963127854
572468139
321000006
080000020
700000500
206700400
030090078
090004200

model5
148935762
963127854
572468139
321500006
080000020
700000500
206700400
030090078
090004200

model5
148935762
963127854
572468139
321540006
080000020
700000500
206700400
030090078
090004200

model5
148935762
963127854
572468139
321549006
080000020
700000500
206700400
030090078
090004200

model5
148935762
963127854
572468139
321570006
080000020
700000500
206700400
030090078
090004200

model5
148935762
963127854
572468139
321579006
080000020
700000500
206700400
030090078
090004200

model5
148935762
963127854
572468139
321580006
080000020
700000500
206700400
030090078
090004200

model5
148935762
963127854
572468139
321589006
080000020
700000500
206700400
030090078
090004200

model5
148935762
963127854
572468139
321800006
080000020
700000500
206700400
030090078
090004200

model5
148935762
963127854
572468139
321840006
080000020
700000500
206700400
030090078
090004200

model5
148935762
963127854
572468139
321849006
080000020
700000500
206700400
030090078
090004200

model5
148935762
963127854
572468139
321850006
080000020
700000500
206700400
030090078
090004200

model5
148935762
963127854
572468139
321859006
080000020
700000500
206700400
030090078
090004200

model5
148935762
963127854
572468139
321870006
080000020
700000500
206700400
030090078
090004200

model5
148935762
963127854
572468139
321879006
080000020
700000500
206700400
030090078
090004200

model5
148935762
963127854
572468139
351000006
080000020
700000500
206700400
030090078
090004200

model5
148935762
963127854
572468139
351000006
080000020
700000500
206700400
030090078
090004200

model5
148935762
963127854
572468139
351200006
080000020
700000500
206700400
030090078
090004200

model5
148935762
963127854
572468139
351240006
080000020
700000500
206700400
030090078
090004200

model5
148935762
963127854
572468139
351249006
080000020
700000500
206700400
030090078
090004200

model5
148935762
963127854
572468139
351270006
080000020
700000500
206700400
030090078
090004200

model5
148935762
963127854
572468139
351279006
080000020
700000500
206700400
030090078
090004200

model5
148935762
963127854
572468139
351280006
080000020
700000500
206700400
030090078
090004200

model5
148935762
963127854
572468139
351289006
080000020
700000500
206700400
030090078
090004200

model5
148935762
963127854
572468139
351800006
080000020
700000500
206700400
030090078
090004200

model5
148935762
963127854
572468139
351840006
080000020
700000500
206700400
030090078
090004200

model5
148935762
963127854
572468139
351842006
080000020
700000500
206700400
030090078
090004200

model5
148935762
963127854
572468139
351842906
080000020
700000500
206700400
030090078
090004200

model5
148935762
963127854
572468139
351849006
080000020
700000500
206700400
030090078
090004200

model5
148935762
963127854
572468139
351870006
080000020
700000500
206700400
030090078
090004200

model5
148935762
963127854
572468139
351872006
080000020
700000500
206700400
030090078
090004200

model5
148935762
963127854
572468139
351872906
080000020
700000500
206700400
030090078
090004200

model5
148935762
963127854
572468139
351872946
080000020
700000500
206700400
030090078
090004200

model5
148935762
963127854
572468139
351872946
080000020
700000500
206700400
030090078
090004200

model5
148935762
963127854
572468139
351872946
480000020
700000500
206700400
030090078
090004200

model5
148935762
963127854
572468139
351872946
480000020
700000500
206700400
030090078
090004200

model5
148935762
963127854
572468139
351872946
489000020
700000500
206700400
030090078
090004200

model5
148935762
963127854
572468139
351872946
489300020
700000500
206700400
030090078
090004200

model5
148935762
963127854
572468139
351872946
489310020
700000500
206700400
030090078
090004200

model5
148935762
963127854
572468139
351872946
489316020
700000500
206700400
030090078
090004200

model5
148935762
963127854
572468139
351872946
489350020
700000500
206700400
030090078
090004200

model5
148935762
963127854
572468139
351872946
489351020
700000500
206700400
030090078
090004200

model5
148935762
963127854
572468139
351872946
489356020
700000500
206700400
030090078
090004200

model5
148935762
963127854
572468139
351872946
489500020
700000500
206700400
030090078
090004200

model5
148935762
963127854
572468139
351872946
489510020
700000500
206700400
030090078
090004200

model5
148935762
963127854
572468139
351872946
489513020
700000500
206700400
030090078
090004200

model5
148935762
963127854
572468139
351872946
489516020
700000500
206700400
030090078
090004200

model5
148935762
963127854
572468139
351872946
489516320
700000500
206700400
030090078
090004200

model5
148935762
963127854
572468139
351872946
489516320
700000500
206700400
030090078
090004200

model5
148935762
963127854
572468139
351872946
489516327
700000500
206700400
030090078
090004200

model5
148935762
963127854
572468139
351872946
489516327
700000500
206700400
030090078
090004200

model5
148935762
963127854
572468139
351872946
489516327
720000500
206700400
030090078
090004200

model5
148935762
963127854
572468139
351872946
489600020
700000500
206700400
030090078
090004200

model5
148935762
963127854
572468139
351872946
489610020
700000500
206700400
030090078
090004200

model5
148935762
963127854
572468139
351872946
489613020
700000500
206700400
030090078
090004200

model5
148935762
963127854
572468139
351872946
489650020
700000500
206700400
030090078
090004200

model5
148935762
963127854
572468139
351872946
489651020
700000500
206700400
030090078
090004200

model5
148935762
963127854
572468139
351872946
489651320
700000500
206700400
030090078
090004200

model5
148935762
963127854
572468139
351872946
489651320
700000500
206700400
030090078
090004200

model5
148935762
963127854
572468139
351872946
489651327
700000500
206700400
030090078
090004200

model5
148935762
963127854
572468139
351872946
489651327
700000500
206700400
030090078
090004200

model5
148935762
963127854
572468139
351872946
489651327
720000500
206700400
030090078
090004200

model5
148935762
963127854
572468139
351872946
489653020
700000500
206700400
030090078
090004200

model5
148935762
963127854
572468139
351872946
680000020
700000500
206700400
030090078
090004200

model5
148935762
963127854
572468139
351872946
680000020
700000500
206700400
030090078
090004200

model5
148935762
963127854
572468139
351872946
684000020
700000500
206700400
030090078
090004200

model5
148935762
963127854
572468139
351872946
684300020
700000500
206700400
030090078
090004200

model5
148935762
963127854
572468139
351872946
684310020
700000500
206700400
030090078
090004200

model5
148935762
963127854
572468139
351872946
684319020
700000500
206700400
030090078
090004200

model5
148935762
963127854
572468139
351872946
684350020
700000500
206700400
030090078
090004200

model5
148935762
963127854
572468139
351872946
684351020
700000500
206700400
030090078
090004200

model5
148935762
963127854
572468139
351872946
684359020
700000500
206700400
030090078
090004200

model5
148935762
963127854
572468139
351872946
684500020
700000500
206700400
030090078
090004200

model5
148935762
963127854
572468139
351872946
684510020
700000500
206700400
030090078
090004200

model5
148935762
963127854
572468139
351872946
684513020
700000500
206700400
030090078
090004200

model5
148935762
963127854
572468139
351872946
684519020
700000500
206700400
030090078
090004200

model5
148935762
963127854
572468139
351872946
684519320
700000500
206700400
030090078
090004200

model5
148935762
963127854
572468139
351872946
684519320
700000500
206700400
030090078
090004200

model5
148935762
963127854
572468139
351872946
684519327
700000500
206700400
030090078
090004200

model5
148935762
963127854
572468139
351872946
684519327
700000500
206700400
030090078
090004200

model5
148935762
963127854
572468139
351872946
684519327
720000500
206700400
030090078
090004200

model5
148935762
963127854
572468139
351872946
684519327
729000500
206700400
030090078
090004200

model5
148935762
963127854
572468139
351872946
684519327
729300500
206700400
030090078
090004200

model5
148935762
963127854
572468139
351872946
684519327
729340500
206700400
030090078
090004200

model5
148935762
963127854
572468139
351872946
684519327
729346500
206700400
030090078
090004200

model5
148935762
963127854
572468139
351872946
684519327
729346500
206700400
030090078
090004200

model5
148935762
963127854
572468139
351872946
684519327
729346510
206700400
030090078
090004200

model5
148935762
963127854
572468139
351872946
684519327
729346580
206700400
030090078
090004200

model5
148935762
963127854
572468139
351872946
684519327
729346581
206700400
030090078
090004200

model5
148935762
963127854
572468139
351872946
684519327
729346581
206700400
030090078
090004200

model5
148935762
963127854
572468139
351872946
684519327
729346581
216700400
030090078
090004200

model5
148935762
963127854
572468139
351872946
684519327
729346581
216700400
030090078
090004200

model5
148935762
963127854
572468139
351872946
684519327
729346581
216700400
030090078
090004200

model5
148935762
963127854
572468139
351872946
684519327
729346581
216750400
030090078
090004200

model5
148935762
963127854
572468139
351872946
684519327
729346581
216753400
030090078
090004200

model5
148935762
963127854
572468139
351872946
684519327
729346581
216753400
030090078
090004200

model5
148935762
963127854
572468139
351872946
684519327
729346581
216753490
030090078
090004200

model5
148935762
963127854
572468139
351872946
684519327
729346581
216780400
030090078
090004200

model5
148935762
963127854
572468139
351872946
684519327
729346581
216783400
030090078
090004200

model5
148935762
963127854
572468139
351872946
684519327
729346581
216783400
030090078
090004200

model5
148935762
963127854
572468139
351872946
684519327
729346581
216783490
030090078
090004200

model5
148935762
963127854
572468139
351872946
684519327
729346581
216783495
030090078
090004200

model5
148935762
963127854
572468139
351872946
684519327
729346581
216783495
430090078
090004200

model5
148935762
963127854
572468139
351872946
684519327
729346581
216783495
430090078
090004200

model5
148935762
963127854
572468139
351872946
684519327
729346581
216783495
435090078
090004200

model5
148935762
963127854
572468139
351872946
684519327
729346581
216783495
435290078
090004200

model5
148935762
963127854
572468139
351872946
684519327
729346581
216783495
435290078
090004200

model5
148935762
963127854
572468139
351872946
684519327
729346581
216783495
435291078
090004200

model5
148935762
963127854
572468139
351872946
684519327
729346581
216783495
435291678
090004200

model5
148935762
963127854
572468139
351872946
684519327
729346581
216783495
435291678
090004200

model5
148935762
963127854
572468139
351872946
684519327
729346581
216783495
435291678
090004200

model5
148935762
963127854
572468139
351872946
684519327
729346581
216783495
435291678
890004200

model5
148935762
963127854
572468139
351872946
684519327
729346581
216783495
435291678
890004200

model5
148935762
963127854
572468139
351872946
684519327
729346581
216783495
435291678
897004200

model5
148935762
963127854
572468139
351872946
684519327
729346581
216783495
435291678
897604200

model5
148935762
963127854
572468139
351872946
684519327
729346581
216783495
435291678
897654200

model5
148935762
963127854
572468139
351872946
684519327
729346581
216783495
435291678
897654200

model5
148935762
963127854
572468139
351872946
684519327
729346581
216783495
435291678
897654200

model5
148935762
963127854
572468139
351872946
684519327
729346581
216783495
435291678
897654210

model5
148935762
963127854
572468139
351872946
684519327
729346581
216783495
435291678
897654213

